34111

Balderby, Τ16.,146

36111661, 36161 de, 225

- Rob. 116, 6611, 107,108, 10911,

- 66616161)1 16 111111. Π, 226 ·

Ballycastle‚ 333

36161611, 61616161, 187

36111611, preb, 226

3611661, dean 61, 298

36111, Μ611116 (161, 63

3616161116, Adam, made dean and
penitenciary, 9

36111161 161 arohbishops’ 16661116, 8411

3611116616 11666611 1161 6611116166,

Bardney, 611161 61, 74

36111611, 1611166116, precentor, 324

3111116161, 3661611. 6611, 352

361161, will, preb, 297; 361, 279

36111116 111161, 616111151 in, 238

- Α1116116116, 116, 220

- dean 61 free chapel of, 219 ,

- 116, 269

Barmby Μ6161,1116., 325

Barnaby, Μ1, 302

36111616, Tho, 321

3611161111 Inn, 27 46

Barnby, preb„ 196, 214, 215, 230,
232, 284, 305

Barneby super 36116, Will. de, 99

Β6111111616111,1661, 239

36166161, 81. (1661661, perp. 661,

3616111161, 114

3611611, 196

- preb, 225

-1661, 293

-in Fabis, 1661, 267

- 11661 Ρ6111111, 268

3611611, 11111, 242

3611116111 3111161, 337

-6111,293

-1661, 279, 313, 315 .

36111161, Life 61 3611611, 282

36661666613661611, 361, 116, 133,

36661616, 1496.

36616, 6661161161, 190

366661, 611 36161, 237

3611, 6161666661, 252

- 11661611, 611,351

-61111116116, bishops: 3611116166,
214, 3611111111, 202·,8“111111161611, 205

3611166616111666611, 344

36111161,2306

3111111161, bp, 332, 344

36116166, 31, 6161666666 61 0611161·
11116270

361161666, St. Μ611’6,6111., 350

3611161616, 011161 01111611, perp.
6111, 350

359

Ἰ3311

3611111, hospital 61 81. 11161)1 1166·
11616116, 236

. 361161, 1111111166 against, 306

361,61 11166116, 275

36111166, 1661. ,166., 307

3666611 (1161166, 297 ·

3666116161 prima, 307

36611(Β6116)

3666666116.6111111,103,108

361611, 11611. (16, (166, 73, 74

3661, 11116111, 6611 16 1116161111 61
8166111618, 9

-6611, 199, 2456(666 3111166166.)

- bp. 116, 246

- 11611, 245

366116616111, preb, 1911211131

- in 116 0161, 23011

3611616, 317

- inse. in 1111111611 61, 284

-- 1661, 815, 238, 261, 284

, 3661611661, 345 .

36111616, 6166616181 11611166 1116
Martyron 1111166 61, 187

- Joh. 111116 61, 195, 239

3611611116116186111, 3111, 316

3611166166, 116, 233

· 36661161666161, 229

361111, 316187
3611111, 116, 242
36616111, 1661, 287
36661611, 6111314
- 16.,6111 285

. 66611166, 161116, 66

3611661611, bi'shop, 214

3611, 56111, 166 6611, 349

36116 Aqua, Steph· ᾰθ» 118116 50113,

Belasyse, Anth„ mv 1801209

- 1116, 210 -

- 1116, 209 «

-61111111, 210

3611611 (36116 11111181 de).

31361111111131 ¹⁴⁶

3616616161102

3611661611, 1611. (16, 6611, 23, 38, 40,

41, 42, 57, 80, 1861851 1611111161,

36 3611161 11161, 848 ·

36 11, 185

11111611.61111,1611’116,6611,12,17,

34, 44, 48, 811, 258

3611111165616666. 138, 104 ·

36116611, 1115 ἕω {mh obst·

366811661661, 217

361, 161. de 111, 6611, 214

‘Berourl 361, 114

361666, 11611, 18811

36116111μωὶ27 ·

Berkeley, 866166, lord- 2⁸⁵

 

