362

BER

31000, 1101, assumes to be canon,

—- 0011, 253

3101100, Rog. de, 236

Briani, Tho. 111, 263

Bridge 00010101 30010111, 187

31111ςο110110, 81. 1101100111, 346

31111100, 001100 01, 77

-101011001, 62, 77, 770, 90

Β111110011111,0011, 293

“ ’1111131293

Bridlington, 59

311011011011300110, 97, 98

- - 0011, 107, 108, 1090, 192

- - 0000001101, 94

Brig', Joh. de, 00100001. S. J. B.‚
129, 130, 131, 132

3111111011, 1010011 01, 187

-1001, 230

3110101, 1111110011. 01, 346

3111011010, J oh. de, 236

Β11110111,11010 01, 205

3111110110, 244

31011000011, 1100, 224

Brommesgrove, Joh., 0011,111, 146,
146, 229, 239

31011110111011, 181, 182

3100111011, Ρο11101 (Ρο11101 Bromp-
1011)

310010, 10011001, hon. 0011, 351

3100110011, 322

31οο3111011, 290

- 111 (1101011, 1001,, 247

- Lino„ 1001, 248

- 111110, 189

- (Brughton)

31011110, bp. 345; Ric.‚ 110,, 325

3101001000, 0100, 194, 229

31000, charles lord, 312

- David, 228

- Tho. 1100, 299

-(Β1000, 3100)

3100001010, wap. de, 41

3101111011, 1001,, 218, 219

310110, 1011.,0οΠ., 139

3101100110, 1100110, 127

3100, Christiana de, 11001100 10, 101
0110101011, 23

- 1100. 110, 230

311011, 1110, 0011, 230

31111 (31111)

3111111οο1111, 1110, 0011, 191

3000011110, 1110, 188; 0011, 201
(30111 01111 110110, 10111100 0011
Salisb. bps.)

- Τ110, 202

Buchan, fifth 0011 01, 330

3001, 110110, 11100, 322

300101, 1001, 237

Βο01100011, 001, 351

(1Δὶ

3110111011, preb„ 203

3110100101, 100 101111100011101, 257

3001101000, 0100100000 01, 192

-— 10010110 01, 279

- palam, 327

30011101, hp„ 330

3011110110, 01001, 306

- mon. 11100, 344 ; 110, 343

Bugthorpe, preb., 271

3111111010, 1100011101, 10 00 pre»
00011011 with, 32

3011, 0100011, 268, 269

31111101, near 11011011, 1001, 261

30111011, 10011, 133

30110111, Ηο11111,11011.0011,348

Burgh 1701110, 001, 318; 1001,, 317

11110101, 21

30110, Τ110, de, 201

Βωξιιῖἒᾱῃ 111013, 11000000 (10110101
0 , 2

301101 11100, ancient 01111 1110110111,

3011010 within 1110 000100, 60

30110, ι1111111101 3010000103 280

Butleigh, 10111, 257

301110, 111110, 11111. 0011011000 01, 282

3011001011, 110, 261

3011101, bishop, 270, 271

30111011, will„ verger, 354

3011011, 740, 76

- Agnes, 291

-31011010, 11, 20, 28, 31, 57, 62

- 0110111, 1001, 275

- 0011010010, 271, 309

ψ- in Kendale‚ 1001, 248

- 10110101, 1001, 223

- 10010111, 110, 821, 325

- Magna, 282Ι

- near 30101101, 30, 41, 62, 99

- -011-110111, gr. 000, 349

- Ρο1. 110, cap.. 124

- 310. 110, 0011, 67, 74

30001 0011111100, 327

30010000 not 10 0011000001011 111 the
0110100, 59

300110000111, 190

301, 1411010 ux. Hugonis de, 4

31111111, 810

1111011, Tho„ 0011, 206, 231

Ο 01111 Τ, 00111001011001110011, 10711
0011101100 major, 11100, 190,

001111113ἓὲ minor, preb„ 204, 219,

0031411113331100011 Ηο001, 290, 311

0011, John, 284

(1011011101, Will. de, 0011, 203

0011011011, 10011, 176

0011011, 1110111001011110,1100. 01 011
Ηο111, 334

 

