cm·

061166, 6661), 214
0666606666616,366.,666., 24 (0166·
06061616ῗεέκ666616 61, 163

601111, 6666. 666, 349
0666616666, 308

Dagger forbidden, 176
0616111616. 661, 19
06116 juxta 36666166, 75 n
0616166 (066616), vio„ 248
061166, 06666, preb„ 309
- Jane, wife of, 309
- J. de, 6166, 16 trouble, 10
- 1166. 66, 666116, 29
- Rob. 66, 6661. hosp. B. M. Μ, 139
-66616, 253

-sir wi11.,kt., 66611116.,1616 6116, ’

. - Will. 66, 666, 212, 228, 229

ι0666661666 6166666,’ 346

0666631616, 6661, 336

066161’6666616666,6166. on, 299

06666, 616 Tha, 308

Daresbury, 336

066166, Abel, 274

0661166166, 51

- 666. 61, 201

- dean 61, 250

66666 666

066660, Will. N ., 316

06666166 (0661166166)

0611666 666 61616666, 82

066166, St„ 16166666 61 : Beck, 245

- - 06166666, 214

066166, 1161166611, 290

06666, 666,- 296, 321

0666663111. Η, 310

0666661666 Η666161, 331

0666666, 66,, how 16 be 66616666, 46

0666, 36166, 666, 202; will of, 249

—- 1116, 666, 251

06666, 259-277

066666 (0666, 06666, 0666)

06 Burgh, Flora, dau. 613166. 3., 339

0666166161, 1166, 262, 264

0666616166, 36 n

0661661166 61 minster, 162

06666, 3616, 666, 146, 213

- 666166 61 3666666166 (0666), 140

06666111, 6666616 61, 135

0666166 St. (16116166 (11661661 0666-
ing), 144, 202, 203

’0616666 611166 Η6666666,’ 268

0666666666 61 clerks, 20, 35, 41, 48,

-- 611661 61, 21 n, 22, 36, 366

06166666, 166, 214 (366, (16 16)

06161666 Park, 366166, 838, 344

661 .

000

0611, 1166, 61. 3616 66, 4

0611616 (Insula) ’

0626661, 066,· 6661666661 manse 61,
n

- 26166 66, 666. 61 36616, 58

- (neam, oto.)

066666, 6661, 230

066666, 286

066166, 6661661, 207, 291

066166, Anne, 286

- 0166, 271, 278

- 11666666, 6666, 271, 285

- 6666, wife 61, 273

91666, ,16

- 11116, wite 61, 286

- 36166 31666166, 286

- 316, 242

0661666 6111661, sm, 272

06661666, 66616. 61, 188, 198

06666,1)16166661; 3666616611, 281 - - .

-66666666166 61616 61, 288 -

-6666 61, 287

0666616, 11111. 66, 666, 231

06666, 666161, 214

0666663166, 66166 61, 318

0616616666 6666666. 326

-666, 6666, 351 -

-616, 289

06 6666661, 411616 1666 166611, 666
arey 66 3616666616240250
0666111, 3166.66,1)611,846

0166666306, 3616 66, 108

016616, 11666. ,6.,6616 292
0166661, rev. 3. 3., 46
0166116ῐή6666 6 ,72
016 1661666144
ffiaiae’nfflffmhmw 66 ·
⁸ 01616161 31611666· 0666666166( 329
*01616 Vis. 366666,’·346

‘Divino 3616 61 raith* 616, 333
01666, 1166. 6321

“ Homo) ⁸4⁰3 101²„ss- ὥ.

- ΗΞ, ffib„ 318

- 166 6661666666, 341

nobba, wff’ ,216

0616616, 666,166

noble (366666

Dobwn» Tho 666. 61, 289
0616616166, ,3616, mmmmm,
nootora’ 0666666666,

0663616Μ*11666666166161,·222,
-366, (16116262

 

