8111

8199199199, 28

8199199, king, 253

— Leslie‚ Bioq. Dtot„ 329

81991991991991, 250

8199999,1991. 995191. dean, 352

819199, 919, 298, 307 ’

819199999, Tho„ 139

811995919, Rog. de, 999, 193

8111199199, 340

- 9191, 273, 305

- 119. 91 preb, 91, 243

8191199199, Rob.. 999, 295 (Β9111
and 99119199.)

8111191911, 991, 351

8199119119, envoy 91, 286

81991199, 991, 315

- 1991. (911119), 241

8199111911, 81. Μ19199 ’9, 991, 351

8195199, (199. 59, 4

81919 Β999911, 91. 91, 200

- 1919999, 991, 352

stokes, (1911. 59, 999, 200

- 1195. 59, 999, 235

- Τ1ο.,999., 234

8191199199, 1991, 236, 273, 296

81999, (111, 267

8199991919, 339

819999599, J 91, 999, 204

81911915, 9191, 231

81911, 9191599999 91, 203

- Longa, 9191, 195, 197

819119, 1119. (19199119, 28

811919, MS. 91, 995 95. 91, 265

strasburg (4199911119), 149 ’9

8119111915 191919, 305

stratford, 919, 2111 199. 591, 929
1191, 124 ; Ν191, 322

811911915-99-1199, 1991, 199

Straton, Norman D. 1., 199. 999,

81191199 1919 0199, 111

- 9191, 219

81199991, mon. 1999, 306

-9191, 189, 197, 213, 222, 226,
240, 246, 267, 288, 329

- 119, 305

81191199, 1991, 229

- Tho. de, 35, 37

819119, 19, 350

8195199, 116, 123, 325

- 91911919, 255, 255

- 9191, 32, 60, 74, 85, 92, 93, 134,
135, 137, 180, 184-191,Ι 198, 254

8195199-119991, 114, 115, 116, 125,

81959199, 3191919959191, 114

819191111, Sim. de, 64

8915999919, 91991199 91 911199, 258,

- 9999999199 91, 326

89159999, 277-287, 339

91991.

999999 for 91191 (199, 119

sueini, 1191, 115999 uz 91 11111 ·

11.,2
Suetonius, 288
89119111, 9191599999 91, 226, 337
8911111999-1191999, resistere 999-
9919199, 639
8919991, 919, 3333 19, 327
899599, 9199119999 91, 328
eun-dial 91 1111115919, 341
891199, 9191599991, 338
8911999, Η191. 91 11911919, 288
8911111, will.. 1., xii.
8111111911, «1911, 999, 231
891191199, 119, 292
89119999-119111991, 1991, 307
- 991191191991, 341
- Η91191919, 52
- hall, 286
- 9199. 1999 91, 236
891199, 11119 11919, 343

4119111, 1191191 Esther, 119 ,

599. Η991, 11.
- 1191, 9191. 995 999.199.,313, 343
8911911 (soe Southwell)
8119199, 11991199, 338 ,
- 11991199 0. M„ 91999, 338
811999, Bag„ 999, 13-17, 24, 31, 32,
38, 41, 49, 52-58, 73, 85, 247
89999919, Will. 59, dim, 75
8111111995, 1991, 330
81199599, Hem. 59, 42
- 111, 9191, 313
811999 (xo 8119999)
8919999 91 1191199, 313 ,
8999931119, 919, 91 chrm, 19919199
99, 34 ,-
89199911, 1191,999,850 -
symm, 1191, 250
- (199 81919999)
synagogae, 9991111999 9915 19 hm
been 9119195 1111839
89959119, 11111. 59, 83
nodus Eboracum, 841

mmmmm

995 (1.,1579
1991999999 mmmm ·.
19199, 1.,20,215, 815
199191 15959121
„mo-dn. (9,123
1991915, “naemu
2991911219 280

, ,

 

