. INDEX.

8112

8551 51 archbishop 5555 by 51511·
555555, 204

- of commissary 51 chapter 55·
511555, with 11555551, 222 5

- 55151555, 51 chapter, 80

- to be 11551 under three looks, 170

- mark 51, 24, 96

- 51 N. 11515115, 255

85515, 5551551 51, 80 n

85515, 0111, 555, 173, 179, 181, 251

8551151311 5511551, 284, 321

- 115, 350

Sede 55511515 15315151, xi„ 23

8553511515, 1551, 231

853351515, J oh. de, 5511, 248

85135151)1 51 Ripon, 15555 15, 144

Selby Abbey‚ 228

85156511, 51151151 8555511, 217

855551, Joh, 153

- 555, 208, 217

855555; 25555, 294

85151555,1151151155 555 511151, 346,

85155, 1151155, 117, 113

- Will. de, 555, 247

851115, 320

85111153155, 284

8551155, 8511, 5511, 244

8551553151, 51111515515 55, 284

8555151115, 81, 5115115151, 6 5

85355511511555, 39, 40, 44, 40, 50, 00

- 1511511115, 178

-1515555551, 41, 42, 48, 57, 58

- 15551155, 41

855551, 1551, 5155. 1555, 310

81155 (8115311)

81151155, sir 11511, 318 ’

8115311, 11511, 555, 241

85511515, 5151), 208, 269

81151511, 5151), 11, 32, 85, 124, 134,
135, 145, 180, 235-244

- vic„ 353

8115155111), 272, 273, 284

- John, hon. 555, 352

- Samuel, 352

81151115, Anne, 272

811511 (8115311)

8151-11515115, cha„ 332

8555951155, 115, 347

81151515, 1115, claimed 15 be 555,

81518515, 1511115511, 323
- 1555. 11155, 323

- 81. 5515555, our„ 349
- 551511 1111155 51, 323
- 115, 322, 323

- 1515, 257

81151555, 5111), 265

· 85511515, 1111115, 342
8555153555, Will. de, 70
8115311515, 1115, jur„ 123

555 χ :

m

shegherd, 55. par. 51,, 551 “
53511εέ1115 151

81515515 (11115), 13

- 11511111 51, 06

- hospital (1151115111), 51551515, 210,
8511115155φ181151151115, 51513511,
3115913111

- 1151155, 83

8115111555, 55, 217, 218, 222, 233
81115555 (1), 282

8115511115, 318

81115555 11511, 282

81115155, Mary, 268
8111111555,.1511,555, 217
Ξ1111’1.111Ξ,51111.1555115560
8115511551, 15 0115511115, 282
8151555511, J 511. 55, 103

51555155515515551551155 . ’

-- 5511 51, 326

-81, 4111155552, 2641 81. ouda,
242 3 st. Mary's, 264

-- school, 388

8111111515, 1551551155, 291

8151115155, 5511. 55, 218

815559, 155, 815

8133155115155, 1551, 180, 258

8111151555 55115511, 326

silvester, 11511, 234 ·

8115551, 1155111511, 205

815155 115355, 82

815155, 5111315151, 2

-5511, 258

8111155511, 1155 250

-(811501) .

81555111)1 (Syn)

81535 151555 53551115ίῆ555, 148

sinningthwaite, 13

8115511551, 128

8115 1515151114, 123 .

811 155 555115, 304

-155, 328

- 5155. 11115318

-11555183141138-210 ·

1155
8115155151. 5555, 347
ἶ1111511513 ’ ’ · .
51155111, prob„ 111, 111 151 ,· .
iuml (55551155 or 5555

, 5111511851

8318115 ’

 

